delta,Rx_acc,Rx_velocity,Rx_degrees,Ry_acc,Ry_velocity,Rr_degrees,Rz_acc,Rz_velocity,Rz_degrees
0.0066318511962890625,0.9943884870210147,0.0030728586035458803,-0.10574542269081967,-0.002859340804418673,0.999993556061475,0.0021707154788321243,0.10575141157555151,-0.0018561722787686123,0.9943908655927255
0.0064945220947265625,-0.06614143521666907,0.9543343173875223,0.29132682884343325,0.9283014617133354,0.16591723888252077,-0.3327579691344527,-0.3658984923832893,0.24843003139333297,-0.8968839461009119
0.006468772888183594,0.3462674067933536,0.7458977606234993,0.5689775159788435,-0.32463270398700445,0.6642973872180955,-0.6732923501995975,-0.8801775335094006,0.04843048659739615,0.47216734054066817
0.006674528121948242,-0.33279106098663885,-0.04746797585674242,-0.9418051289919007,0.2553940253437592,0.9568696017094969,-0.13847186408444043,0.9077576777676399,-0.2866136015480985,-0.30631461254979225
0.006490230560302734,-0.15181173748171747,0.9833726962615016,0.09965609168619084,0.621884159120444,0.016662426607780743,0.782931961395496,0.7682534015530554,0.18083280616891587,-0.6140734542505766
0.006450653076171875,0.13650523007491092,-0.07035446453664236,-0.9881379314053065,-0.9876817520956342,-0.08668571147079182,-0.13027027291021062,-0.07649234431950533,0.9937483769780784,-0.08132087378982887
0.006451606750488281,0.8636212532124352,0.43615177595830407,0.25284374488644196,-0.45843132430810557,0.8880829521281763,0.033902669989541105,-0.20975950966022822,-0.14519055915492748,0.9669129483254323
0.0062541961669921875,-0.03448776987356761,-0.6503274266122748,-0.7588707610160008,-0.006219343938296346,0.7594474194900528,-0.6505389587033794,0.9993857681046519,-0.017715959634077252,-0.030236257773056614
0.00665736198425293,-0.8805939945024558,0.23304575150072576,-0.41260622214609277,0.22906812515038155,0.9715673511409136,0.059872165796118086,0.4148276881866711,-0.041791864094470374,-0.9089397280398802
0.006235361099243164,-0.13448222250472464,0.6885984025630733,-0.7125635212511046,0.45479994956593844,0.6817743356863882,0.5730102626255518,0.8803814728315275,-0.24701415989162975,-0.40486104666665923
0.006499528884887695,0.8458548155232257,-0.43304289119530626,-0.3114538255365954,0.4453661414826851,0.8946864064063155,-0.034427230684127015,0.2935619714421382,-0.10959054966995707,0.9496374467901114
0.006546735763549805,-0.5931389861183847,-0.2786153094528913,0.7553539915065812,-0.23584685628957677,0.9571825236148096,0.16786267263661753,-0.7697807502950293,-0.07858196882780519,-0.6334528164357369
0.006241321563720703,-0.30242336173146367,0.06433366682904694,0.9510001522562284,-0.401074826476926,0.8965060141287523,-0.18819125962031547,-0.8646843897316199,-0.4383356544285515,-0.24532174834520795
0.006196737289428711,0.7264325089597369,0.5351689305238254,-0.4311496558370964,-0.5302463152301303,0.8355670927848527,0.14375840371936002,0.4371894956552947,0.12418473842245774,0.8907544530518019
0.006196022033691406,0.11715697426326636,0.0911446940795476,-0.9889220839492979,-0.7930499979422566,-0.5908028325563117,-0.14840388743973487,-0.5977841952956461,0.8016512070623885,0.003065627203768138
0.006043910980224609,-0.17550128775667737,0.9200665574396456,-0.35025252015782465,-0.9843796301010487,-0.158942068443457,0.07572425450962232,0.0140014941299335,0.3580711504157726,0.9335893151713202
0.0060651302337646484,0.8452180428745886,-0.21302322297918583,0.49013015258277076,0.22244682381854688,0.9741329701829752,0.03977897655213395,-0.4859257871036383,0.0754059869907883,0.8707411019089741
0.006057024002075195,-0.6411924429223498,-0.16971280243195735,0.7483781235645258,-0.26256775032113877,0.9648939678712459,-0.006148760605132271,-0.7210620137204327,-0.20044249912724224,-0.6632438291556584
0.006044864654541016,0.019525979552486507,-0.5081661010242674,0.8610377168813862,-0.7674444677957593,-0.55959675470637,-0.31285853188267465,0.6408180123656011,-0.654689763087749,-0.4009159377424493
0.006055116653442383,0.9833496660224751,0.13364532547739674,0.1231355404078266,-0.0682849888215994,0.8996880117926753,-0.43115964762275355,-0.16840604096979672,0.4155723864919127,0.8938338754770349
0.006142854690551758,0.21309837778505022,0.4075599170450541,0.8879662129853865,-0.0836159700921598,0.9131147687369819,-0.39903607438420285,-0.9734461725904145,0.010785783821153791,0.22866179378382454
0.006108283996582031,0.5328515672119964,0.5868330429062416,0.6096689159479269,0.37210407890322506,-0.8095677535347727,0.4540248967845748,0.7600051064192278,-0.015067587400194577,-0.6497424151359028
0.006091594696044922,-0.011435248262032455,-0.9389013736026872,0.34399628739882177,0.033165230896974034,-0.3441856327891104,-0.9383156812294623,0.9993844618347516,0.0006788435362667564,0.03507472900418742
0.006116151809692383,0.1006702400455301,0.9882075756841364,0.11537456448306614,-0.9198279504840526,0.13664053637617593,-0.3677579439347818,-0.3791860285895071,-0.06910246869188381,0.9227365845912932
0.006049394607543945,-0.3496363395307199,0.2513123755084541,0.9025500096924585,0.7734771508599527,0.6210292384799002,0.12671141247198403,-0.5286657991369682,0.7424047244390172,-0.4115187698677884
0.006053447723388672,0.47564077118921905,-0.8189295783087127,-0.3211233447659001,-0.1064012194960569,-0.4159446063789512,0.9031438783017972,-0.8731807586475305,-0.3954041352785445,-0.28497531916351915
0.0060694217681884766,0.010768494953768325,0.9688106794887796,0.24756798424860943,-0.310812666808336,0.23856139263238274,-0.9200456228344268,-0.9504101881124386,-0.06703975875394524,0.30368757807702945
0.006051301956176758,0.7412965196014989,0.3275388409923347,-0.5858308439030013,0.15690082767247554,-0.93322337339248,-0.3232278849815592,-0.6525807232077858,0.1476903618905377,-0.7431863539531961
0.006144285202026367,-0.3212677073324181,-0.08711179730883105,-0.9429732737437455,0.8161467473630435,0.47957048429601973,-0.3223610357360292,0.4803035987727931,-0.8731687611004565,-0.08297449996352849
0.0060808658599853516,0.645913950597654,-0.5291800533520244,-0.5502396201271587,0.19608548531109943,-0.5815810853490986,0.7895023265415215,-0.7377978387564185,-0.617844569692502,-0.2718868088522224
0.0060880184173583984,0.3459624352813338,-0.4472375538519873,-0.8247960740684328,0.08742759923253551,-0.8598892886779291,0.5029381931305281,-0.9341661566694889,-0.24610766270365492,-0.2583884867634391
0.006052494049072266,0.013331542817856408,-0.6135878233627455,-0.7895139346376756,-0.04313939039996236,-0.789201866580619,0.6126168515324946,-0.998980111394624,0.02589202206539922,-0.036991083132960345
0.006054401397705078,-0.6265126061278179,-0.5052047782013336,-0.5935066018550014,-0.197523341381557,-0.6337060039405276,0.7479313004408847,-0.7539671637229267,0.5858197953741999,0.2972350641753694
0.006048679351806641,0.3433046905437632,-0.6421229844347605,0.6854341414835181,-0.01948994115590333,0.7247600468455437,0.6887256468944544,-0.9390218483317576,-0.24980181616041464,0.23629858441930623
0.0060596466064453125,-0.7429931888312402,0.5607366273394162,-0.365425171697848,-0.5219981532738884,-0.8272014778586596,-0.20797991010455688,-0.4189021954215985,0.03622360816465087,0.9073085477843239
0.006036520004272461,0.3980382971608911,0.8942277831477815,0.20474908019295832,-0.6782787829206722,0.13660161810400226,0.7219957690811075,0.6176596203678121,-0.42625892339981886,0.6609084078668674
0.006120204925537109,0.6757820374798338,-0.4671725548998037,-0.5701477367910833,0.6017536256565423,0.7963713598735889,0.06070610498373741,0.4256891023138958,-0.3841125630872812,0.8192962388841468
0.006018400192260742,0.21596608564003983,-0.3926709943479382,-0.893962046202813,0.36228571501922563,0.8824380175468601,-0.30008699718744236,0.9067015553898248,-0.2590610649745906,0.33283577642420525
0.006420135498046875,0.9086070845157992,0.39432221029612735,-0.13763415431816362,-0.37147598590189657,0.9136266224516277,0.16520286512601629,0.1908893864674337,-0.09897671046669282,0.9766088535945592
0.006155490875244141,-0.15676751774370704,0.08263175015691858,-0.9841727181986305,-0.022980172216611458,0.9959188646263715,0.08727844388057225,0.987368146673454,0.0362988835547859,-0.15422883643244126
0.00621485710144043,0.07354918157835316,0.9925306897478294,-0.09733112450728343,-0.8010654738996908,0.0006625478331472211,-0.5985763673552712,-0.5940409282322374,0.12199340530974068,0.7951307971937165
0.006124258041381836,-0.1989544380692525,-0.6749139840795774,0.7105689591210553,0.30154304366439894,-0.7320467480054093,-0.6108840737425679,0.932463899778516,0.09272902904989848,0.3491595663608613
0.006096601486206055,0.4521130919574494,-0.8632599987922525,0.2244458210033666,-0.4844674467002228,-0.4489425666201207,-0.7508274535233146,0.7489225895701381,0.23072222771492765,-0.6211941793592559
0.0060787200927734375,-0.017085080868717694,0.9103158611988613,0.4135615224624807,0.060629227703055046,-0.41191752485726857,0.909201874978045,0.9980141265332072,0.04060770327458951,-0.048154103406899955
0.006048440933227539,0.544731221160583,0.6532386090339236,-0.5258775678428627,-0.47941970277046037,0.7570813901838276,0.4438293785147694,0.6880586059983433,0.010348347923584852,0.7255813299740209
0.006041049957275391,-0.9058167680649503,0.24040369246810966,-0.3488582052067382,0.25561789288977255,0.9667746518136547,0.002503087129826141,0.33786902125966045,-0.0869070610381302,-0.9371721758645813
0.0060558319091796875,-0.005353066404703708,0.14454071856468742,0.9894843734778588,-0.0401033911537699,0.9886714811002365,-0.144638931401724,-0.9991811961291278,-0.040455940674624324,0.0005041488834802967
0.00606083869934082,0.7653858190792503,0.64281614250536,-0.031176191026386642,0.6433038843934238,-0.7655665031305882,0.008248733765584172,-0.018565028325255518,-0.02636922863740424,-0.9994798664827375
0.00604557991027832,0.5288818208294518,0.6196317237320994,-0.5799487447532848,0.5992545770691963,-0.7565362526496207,-0.2618145341429466,-0.6009808411736121,-0.20906799222180472,-0.7714354173685578
0.006048917770385742,0.09148566981563415,-0.9958055475234501,0.0012975900379799785,-0.8801415198794397,-0.08024982527254726,0.4678791195683297,-0.46581249146270703,-0.043946297514665944,-0.8837915171193136
0.006058931350708008,0.9551451245559365,0.2840676009943861,0.08368625396275493,0.2840476218026648,-0.9587300292171409,0.012396758671129113,0.08375404220259912,0.011930177810668869,-0.9964150396657664
0.006129741668701172,-0.8509424807916273,0.03285712513057599,0.5242302010685238,-0.12019740474114551,-0.9837397191066719,-0.13344942467249346,0.5113213063013162,-0.17656889414639243,0.8410552581978402
0.006094932556152344,-0.7090696566443737,0.5783969609964235,-0.4033325892316809,0.5420660799570924,0.08128894367400458,-0.8363949262138763,-0.45098180338698934,-0.811695178713331,-0.37116889668633685
0.006080150604248047,0.017886575401322213,0.3457785388844285,-0.9381456563174838,0.031382883068268155,-0.9380276027445812,-0.3451366847200939,-0.9993473795786609,-0.02326840209820695,-0.027629628898339104
0.0060575008392333984,-0.7536124160148439,0.09085448324824984,0.6510098227384618,-0.07633107769577344,-0.9957971889294583,0.05061151151655362,0.6528720341736746,-0.01155081788800815,0.7573801460297507
0.006075143814086914,-0.15447714005006508,0.3994517923146204,-0.9036454386641865,-0.07374217896010063,-0.9167346701140483,-0.3926316793804384,-0.985240531161893,0.005984164730708836,0.17107099557875574
0.006120204925537109,0.5808449043770261,0.8136268745831234,-0.02510987883964804,0.8120887306184406,-0.5770747278080451,0.08658320927177822,0.055956149454490546,-0.07068286554299469,-0.9959281308693202
0.00606989860534668,-0.6324061472973994,-0.7662292139521626,0.11382116036445511,0.3815540200534967,-0.4359904326758901,-0.815063722905213,0.6741505726775554,-0.47202238750014935,0.5680808666529643
0.006091117858886719,0.20248356325766,0.8896089340448026,0.40938533324748144,-0.5648197562724351,0.4475958051245247,-0.6932796247974374,-0.7999869058521072,-0.09085119538343336,0.5930994948257611
0.00608515739440918,0.13143949889919565,0.9623999833793733,0.2377181737278624,0.9309092935813876,-0.03739382073675935,-0.3633312390842672,-0.34078078768165637,0.2690501331761219,-0.9008221137299977
0.0061609745025634766,0.9348021555806156,-0.06852889220645915,0.3484949366271912,-0.32766285749091245,0.2122155741308757,0.9206528129089666,-0.1370473704334545,-0.9748170808050391,0.1759252035042654
0.006035327911376953,0.5189947457185651,0.7909058180657537,0.324210488519824,-0.6522637015074358,0.6115797329317264,-0.4477971571626788,-0.5524459408958858,0.020933638405666404,0.8332858244148644
0.006082057952880859,-0.4644948705500883,0.8818199116959065,0.08147489533150985,0.882985487344025,0.46820364919005136,-0.03349585086177176,-0.06768415156069721,0.05638249925059291,-0.9961123779000869
0.006079673767089844,-0.01502078591520875,-0.8636399107352768,0.5038853843639964,0.013091146344850639,-0.5040689082527333,-0.8635642174269815,0.9998014792336862,-0.00637497592626508,0.01887754761806656
0.006044626235961914,0.13708236184785447,-0.974915661215425,-0.17535073306691537,0.7721270156728718,0.21605624717551847,-0.5976115542093677,0.6205064848479174,-0.05347103490042047,0.7823762206818146
0.006093263626098633,-0.043608219294238526,0.20343123868992752,-0.978117607619384,-0.06062874441406634,-0.9777833396011396,-0.20065865580436917,-0.9972073398048971,0.050551675773649614,0.054973170871947946
0.006108760833740234,-0.8830775865151602,-0.3071610094960605,0.35471973505842713,-0.28313975248682594,0.9516454248771642,0.11917577720350972,-0.37417356501529964,0.00480619971730829,-0.9273462372210385
0.006186723709106445,0.057879884411218274,0.9856027521788969,0.1588619963299217,0.9947748749099667,-0.043533992348660976,-0.0923457619928861,-0.0841003402395261,0.1633768845570596,-0.9829725969547803
0.006139993667602539,0.5121537965980338,0.8495632814396451,0.12625656204618424,0.8401533493559921,-0.46499679279554573,-0.2791421362957672,-0.17844001287863714,0.24903857837563728,-0.9519133092275333
0.006080150604248047,-0.07628050130561481,0.8566043641243825,-0.5103040745316724,-0.05973966929019264,-0.5148021850670225,-0.8552250476706805,-0.9952951607606975,-0.0347515987154779,0.09044263017546474
0.006172895431518555,-0.3089005029747059,0.7631347797044764,0.5676317356062591,-0.5637542177621899,-0.6275874106241981,0.5369499268845797,0.76600369530265,-0.15414068259682265,0.6240825175818263
0.006041288375854492,-0.8651853325916713,0.3541613264063861,0.3549987255558932,0.4973661712400536,0.69626744392938,0.5175311954172981,-0.06388452061531628,0.6243247563585134,-0.7785482429648365
0.00610661506652832,-0.5848360893788443,-0.5415144464662471,-0.6039278539928543,0.7410648943111176,-0.05395113299991751,-0.6692623533919098,0.3298326408645946,-0.8389585088169613,0.4328499156796824
0.0061070919036865234,0.09737078117013034,0.9757343801853924,0.1961156554142143,-0.7652729120021219,0.19938562964442647,-0.612047989006653,-0.6362989086350149,-0.09048640790485533,0.7661174249776369
0.0060427188873291016,0.17820869470597078,0.9654362732408165,-0.19019585548081117,0.41195321389819595,0.10233441509951481,0.9054403442774059,0.8936085332460413,-0.23970913582323827,-0.37947769303706774
0.006035566329956055,-0.39239177497457334,0.9197670971898791,-0.007561868764214448,0.44086270027169727,0.19528383741174793,0.8760732288769528,0.8072600414001992,0.3404301834042413,-0.4821187776740325
0.006154537200927734,-0.33387253239832043,-0.0874796610898194,-0.9385501803342978,0.24703698718460002,0.9527621562754546,-0.1766833340530511,0.9096712917712025,-0.29084632104421854,-0.2964904019734115
0.006022214889526367,0.42492374491113927,-0.7780240046645436,-0.4627293584552846,0.6712019643757523,0.6137840572787943,-0.41564053465526307,0.607394216328098,-0.13396932184693613,0.7830226604479896
0.0060443878173828125,-0.8023828417656378,0.23397763905869384,-0.5490320934705175,0.025511997865057694,0.9325512427533458,0.360135137974794,0.5962641304028213,0.2749593498314073,-0.7542323532806433
0.006285667419433594,0.2755495396712264,-0.4131257169708077,-0.8679859406490011,-0.27648478306943897,-0.8988478327054445,0.34004225968513124,-0.9206674839039448,0.14628641638266043,-0.36190008077354496
0.006206512451171875,-0.3167193667195439,-0.9384214618573282,0.1380362368015228,0.8965872075525366,-0.3436845856278949,-0.2793067934278126,0.30954841624197604,0.03529965336001474,0.950228242305367
0.0060918331146240234,0.05031270145409466,0.9715119591215985,-0.231588310059262,0.9670796793404878,0.010526187361579295,0.25425595998192113,0.24945044774281422,-0.23675665283861116,-0.9389998729805914
0.00606536865234375,-0.8679186289001338,-0.2521051999565564,-0.4279722207842192,-0.4932922150346119,0.33663709153466587,0.8020836983690214,-0.05813814749678499,0.907258748515519,-0.4165351354300095
0.0061337947845458984,-0.08400099957770159,0.9932714162111905,0.07972280607055075,-0.32119676718850737,-0.1027250511797693,0.9414245591696476,0.943279634476224,0.05347389641619028,0.327664574808556
0.00604557991027832,0.08612012886350555,-0.828960114489177,0.5526377221929607,-0.13644675331692463,-0.5592854812274037,-0.8176686578299928,0.9868969586100687,-0.004987892773721422,-0.16127465396606602
0.006127595901489258,-0.4010863861824633,-0.7716053614322361,0.4937153805869533,-0.4446540850913329,0.6352052948653101,0.6315037434462792,-0.800882298112951,0.03375499346915461,-0.5978696722407114
0.006052494049072266,0.31098842822811223,0.2713146813580963,0.9108647216726329,-0.7657534207910021,0.6391976421584421,0.07104979103394146,-0.5629457310035194,-0.7195934393382439,0.4065432154227522
0.006032705307006836,-0.4667517841563435,-0.7009671703339879,-0.5392474368050646,-0.5941622393848457,0.7001794919824492,-0.3958786585513102,0.6550679394353348,0.13562339444639132,-0.7432982507733912
0.006155490875244141,-0.14446395308273133,-0.7023345291834625,-0.6970339843769128,-0.1803332884282115,0.7113134400288451,-0.679347551051005,0.9729388836635001,0.02755719780700647,-0.2294134466517768
0.006116151809692383,0.18400663585084182,-0.8085644064567648,-0.5588963755241891,0.33411676813484537,0.5861995491023486,-0.7380623780435697,0.9243957719580838,-0.0509282754805515,0.37801953328180726
0.006092548370361328,0.8105213865397457,-0.5369645909178604,0.23393184918283988,0.5588594372264033,0.8285448564720261,-0.03448985701242209,-0.17530319844394102,0.15868978831091968,0.9716410549689426
0.006020069122314453,-0.05558598719235631,-0.7548403520917109,0.6535489582899762,-0.23645392977309987,0.6458930328732139,0.7258868570105805,-0.9700514095256545,-0.11418508194989072,-0.21438756945631804
0.0060613155364990234,-0.6929349920890108,0.714809794491937,-0.0942764787049094,0.572429959520751,0.6249251270617251,0.5308413388291816,0.43836632874990955,0.31387185803330864,-0.8422110297027965
0.006668567657470703,0.5412846599847309,-0.8083822978872625,0.2313633016010179,0.3366152884900648,-0.04381686608710072,-0.9406222567008797,0.7705199961194809,0.5870248229068464,0.24839644295202953
0.006167411804199219,0.8486443585245598,0.41812921021409016,-0.3239918460550816,-0.32209887734888215,0.8943371557076913,0.31050501627391813,0.41958916329551255,-0.15915092046990365,0.8936531310069663
0.0061016082763671875,0.6477820855592199,-0.5976337194954993,-0.47245349713016443,0.4668269277923886,-0.178693322318867,0.8661069887990545,-0.6020390262403821,-0.7816026061117123,0.1632371802100005
0.006215572357177734,-0.4839460649824667,-0.8022244878781448,-0.34961704368728125,0.8545615334468115,-0.5192784957019254,0.0086272506964545,-0.18846960428944534,-0.2945941529463776,0.9368529731546921
0.006071329116821289,0.11738857870461501,-0.9916443879301257,-0.053491396283861924,0.39014591412158856,-0.0034824371633894622,0.9207464571344455,-0.9132393373502592,-0.12895456765112973,0.3864772078635036
0.006058692932128906,0.07047905985226494,-0.9437099215401451,-0.32317841219523596,-0.2917669177715928,-0.32931818541523183,0.8980097986374556,-0.9538892848839458,0.031001882870431714,-0.29855337117855923
0.0060656070709228516,0.6359793727369729,0.7331663528388668,0.24082636175892544,0.5656574757621733,-0.655169715737627,0.5007836495879668,0.5249398609054687,-0.18226283945234542,-0.8313954533116691
0.00619053840637207,0.28626039895898076,0.43986700450597144,0.8512179523099762,-0.14317999315315347,-0.8587825979805042,0.491926761791345,0.9473935156778878,-0.2626965316725736,-0.18285529442346599
0.0060634613037109375,0.5646770135804184,-0.5743567877662846,0.5926669812640949,0.3617604165488866,0.8177021176775338,0.4477640536756528,-0.7418013692035598,-0.038438614601359715,0.6695171405985453
0.006081342697143555,-0.8630223162059528,0.023095534471803923,0.5046375709536242,0.06567408029252356,0.995606078018547,0.06674917670097555,-0.500878624926482,0.0907476374347487,-0.860747041465591
0.0060443878173828125,0.0821380745735528,-0.35612472299737974,0.9308214213131265,0.44592215136640273,-0.822139326308919,-0.353893152034729,0.8912949969713218,0.4441419928427804,0.09127496133954337
0.006164073944091797,-0.029446200658736797,0.9994975158604329,-0.011731882013943581,-0.09728823703508761,-0.014547060174331381,-0.9951499293950077,-0.9948205467326104,-0.028162010388252934,0.09766770689189913
0.006057262420654297,0.18006287854459108,-0.9008484828128023,-0.39503084788926063,-0.41971105710943757,-0.4335648940938325,0.7974108797536451,-0.8896178889333972,0.02221471636722289,-0.4561650118832105
0.006082296371459961,0.6663472950000052,0.7374320514285059,0.1103415242423334,0.6994570220594387,-0.6694636461370086,0.25015655256795505,0.25834309887805756,-0.08951198817414155,-0.961897316367602
0.006052970886230469,-0.13926593682313393,0.9401265432809869,-0.3110740771252364,0.7101595483751413,0.31374591737839636,0.6302673362788237,0.6901292738990212,-0.1331374550865802,-0.7113339605000443
0.008916854858398438,-0.1316588298564098,0.8374776920386342,-0.5303744600360047,0.370583433958291,0.5378207314216679,0.7572428800119175,0.9194203994890052,-0.09685027718445025,-0.3811642071506364
0.007236957550048828,-0.5852108472346097,0.7652798188131,-0.2680952502308446,0.7109030599804274,0.6432432548135784,0.28435005617600767,0.39005782082841917,-0.024184996469355458,-0.920472695062902
0.0071713924407958984,0.024506397778812344,0.5503819793842477,0.834553241702999,-0.019222354618441108,0.834909043839337,-0.5500521698877362,-0.9995148510906826,-0.0025622810856169138,0.031040250720778217
0.007481813430786133,-0.09290093999054035,0.430037516348171,-0.8980184574283373,0.04383761439220386,0.9028109399579154,0.42779746406062946,0.9947098465951136,0.00037579968297669404,-0.10272380377168581
0.006501674652099609,-0.4854887831990647,0.49263347564021753,0.7222277342130603,0.282958530549372,0.8701950302436163,-0.4033547809666473,-0.8271850526800105,0.008536276585907096,-0.5618647707454323
0.006617307662963867,0.36950121705948424,0.4434843388823491,-0.8165724044796308,-0.20137257835808664,0.8960957236241842,0.39555219477063447,0.9071482432750317,0.018278273127826077,0.4204140452631054
0.006792545318603516,-0.3516551411015529,0.9107396481842187,-0.21654550321383328,0.8309198860334667,0.19712343049192302,-0.5203023122620412,-0.43117375236785643,-0.3628989478854704,-0.82607115243945
0.006531953811645508,0.06042585197880029,0.5696097002062163,-0.8196911039187996,0.1715784680501147,-0.8148960416907467,-0.5536291814367524,-0.9833155880561499,-0.10718782891605345,-0.14697354734118304
0.006907463073730469,0.24303145720395397,-0.6698957808856093,-0.7015521032403669,0.26697582238910106,0.7414974374245911,-0.6155529713618704,0.9325554251994815,-0.03769871409510135,0.3590531797472207
0.006633281707763672,-0.04874657568274851,-0.9974939375780015,-0.05127978017055086,-0.7990457878528447,0.008140971423391014,0.6012150642647854,-0.5992909145597259,0.07028206797909038,-0.797440173710072
0.006597757339477539,0.8146714886964381,0.20459308232572504,-0.5426343484977599,0.09361480940173013,0.8770334839868227,0.47122026211381607,0.5723168990741118,-0.4346883235496381,0.6953412316293334
0.006861448287963867,-0.012390405049001393,-0.32358861664066213,-0.9461167396486039,-0.8140694141728961,0.5526976471613835,-0.1783712413212077,0.58063539917139,0.7679946080558466,-0.2702717432996413
0.00687718391418457,0.0586519532716096,-0.996789259714899,0.05450798193337145,0.9216032365123866,0.033080661214966674,-0.3867210161130042,0.38367619528362557,0.07291667553176313,0.920584453269811
0.00669407844543457,0.21587530528189858,-0.8657775241866654,-0.4514721820695657,0.6430276814805984,0.4740079490196519,-0.6015246172151805,0.7347878968921122,-0.16045480011327518,0.6590455247564281
0.007405757904052734,0.897693537632751,-0.403402842633456,0.17723560321685913,0.4393282932839016,0.850240590178262,-0.28996825607913507,-0.033718885103913576,0.33816724467128373,0.9404817655961126
0.007270097732543945,-0.06020936973310756,0.9155937626427806,-0.3975712434344034,-0.09334623493920574,-0.40171308230489855,-0.9109956530784175,-0.9938115073891107,-0.01773869540675225,0.10965412197564627
0.007768392562866211,-0.5036426377775225,-0.4011355566799785,-0.7651368234371831,-0.18913903113267058,0.9153770966340831,-0.3554028669833031,0.8429534508587613,-0.03427879993232667,-0.5368933260532353
0.007547140121459961,0.15543303744769937,-0.9778164664646972,-0.14041199656822728,-0.2953226793072955,-0.1816348615370783,0.9379729698457023,-0.9426691285687372,-0.10432514071354118,-0.317003436982247
0.006026029586791992,0.12483351329582011,-0.06281741131995461,-0.9901871372590546,0.7517128146761306,0.657352103349568,0.05306652875012744,0.647568095423108,-0.750960841227396,0.1292802256075149
0.006150245666503906,-0.2565848778377532,0.9446655075207429,-0.2043802323258354,-0.9506177993252526,-0.2848588152148039,-0.12321223559546411,-0.17461385990521827,0.16267309026079085,0.971106310160739
0.006058454513549805,0.5128341280629076,-0.8363417128784354,-0.19373615148836312,-0.5403656985298964,-0.4898287194702724,0.6841584154524523,-0.6670877520583438,-0.2461714136159557,-0.7031312581389535
0.0061113834381103516,-0.25725392086819177,-0.5490234991225886,-0.7952318011807193,0.03955226069196521,0.8162566170036727,-0.5763338909624129,0.9655340692446316,-0.1797173686901425,-0.18827009459548913
0.006068706512451172,0.5721405363770393,-0.7128906318704861,0.40551467744767633,0.635369819570047,0.6979149882334675,0.33048428340634417,-0.5186139209602069,0.0685683322706487,0.8522546478581987
0.006102561950683594,0.1627246864239631,-0.9858702026328683,-0.03975701181993331,-0.6472668043529803,-0.13707442019214797,0.7498375072718537,-0.7446921245796169,-0.09628367924842665,-0.6604264476075156
0.006291627883911133,-0.47087778912254835,-0.4201896018445722,-0.7757027821355038,0.8797082755117142,-0.15762616537585608,-0.448628289327712,0.06623788724942026,-0.8936412537985269,0.44386693028669066
0.00622248649597168,0.4201117794178313,0.5364072079448771,0.7319654363828696,-0.4198810277552143,0.829963891892015,-0.36723270645012596,-0.8044911530437164,-0.15305961394254478,0.573904817242503
0.00614619255065918,0.25348481181041416,-0.8034784561768247,-0.5386722757309358,-0.4534412752260056,-0.5905847635802945,0.6675332553125883,-0.8544802280350626,0.07504670203622543,-0.5140345634396906
0.0060672760009765625,-0.2926417479311145,-0.5428500573789551,-0.7871941454123546,-0.005580773626502647,0.8241891167615389,-0.5662871663542836,0.9562058681756517,-0.16132611386722084,-0.24422166703826415
0.00610041618347168,-0.7645452303988334,0.6208228606596509,-0.17334810745076681,0.6416558927698213,0.7585930620685297,-0.11320018310610444,0.06122341013173365,-0.1977764947203274,-0.978333354326623
0.00604557991027832,0.42020673252207486,-0.8666781961100997,0.26887767912280314,-0.8961102643243561,-0.4429836571315481,-0.02742031522232533,0.14287300695251748,-0.22942184704535593,-0.9627839425243044
0.006035566329956055,-0.7047462568760985,0.6636835214910685,0.2507127773376194,0.5505009551553774,0.7344763808954419,-0.39685405917005684,-0.4475281128511876,-0.14166378933216628,-0.8829778927016838
0.0061228275299072266,-0.014708918554043214,0.9993910135577442,-0.03164253047711554,0.4305337979036972,-0.0222319269163081,-0.9023006097128641,-0.9024545952997242,-0.026895045001126095,-0.42994460105552956
0.0062198638916015625,0.08921460915434257,0.9768521532500203,0.19442382622568888,-0.35112126279825595,0.2135160927532622,-0.9116604285293611,-0.9320700683555909,0.01306708943029485,0.36204231637948725
0.006074666976928711,0.48407975467220504,0.8647143935662011,0.133924638046683,-0.8739186440853074,0.4854622889924251,0.024342750180146356,-0.043965834878865975,-0.1288230706266248,0.9906924961044834
0.00603938102722168,0.3207537211155425,0.4673168349728723,-0.8238519443088486,-0.056973913882734185,0.8777548120921395,0.47571048231668783,0.9454475255282101,-0.10564783764957164,0.3081679913173238
0.0065402984619140625,-0.3048547777742959,-0.6731479422438604,-0.6737472911418948,-0.4104093890574773,0.7312197172094214,-0.5448686617320198,0.8594345221374651,0.11040639934818244,-0.4991820601156624
0.0060803890228271484,-0.15168886534572287,-0.1581293952710869,0.9756974851260648,-0.25313832731832325,0.9604143930831439,0.116297810818682,-0.9554640105062088,-0.22934534638822923,-0.18571278016726409
0.006093502044677734,0.9410434783737474,0.19433913167171468,-0.2768925309778551,-0.21438937128740826,0.9757670067920633,-0.04377151967943495,0.2616760770288876,0.10055371876336199,0.9599034224095832
0.006125211715698242,0.06559829298888212,-0.16634940551081503,0.9838824824353481,-0.027096796344201077,-0.9859395813583561,-0.16489058656815545,0.9974781338880696,-0.01584352224437113,-0.06918348949038669
0.006066560745239258,-0.19205871239717737,0.588131130351491,-0.7856304630701484,-0.12614883373292166,-0.8086874560222698,-0.5745529307383727,-0.973241965155717,-0.011241529420282089,0.22950752771125163
0.006174325942993164,0.9634803838098165,0.26181790320512643,0.056186613841374806,0.25723841207009607,-0.9632419067848129,0.07741723560818345,0.07439051935121968,-0.060136632553116645,-0.9954143037227399
0.006276845932006836,0.14553442476893708,0.5444321447183731,0.8260831501758931,-0.2884178959694249,-0.7753583648684604,0.5618136019295699,0.9463798647962374,-0.3200203834537101,0.04418264005687961
0.00647735595703125,-0.3775980063248043,0.8743435499034352,0.3048657120139821,-0.6996670822275259,-0.48506852732015604,0.5245707748728247,0.6065358354349343,-0.015227624427803742,0.7949103092723935
0.0064144134521484375,0.5683071349535144,-0.8175620126066023,-0.09284048633850386,-0.8120702663444168,-0.5754792833620045,0.09677539429246308,-0.13254766267360577,0.020394851404107645,-0.9909667840830834
0.006319284439086914,0.016011688946416296,0.9790688121563241,0.20289871088769293,0.23267093949517037,-0.20100252431534363,0.9515577854935003,0.9724237038099791,0.03197258640873581,-0.23101925025161418
0.006142139434814453,0.8213686926865255,0.5300488135748839,-0.21071717040214338,0.5703760861838869,-0.7664494916242512,0.2953409844543728,-0.004958929721144988,-0.36277187324375737,-0.9318647847189184
0.006058216094970703,-0.2813479388059543,-0.017243556845389942,0.9594508830977023,-0.9522310375462705,-0.11870240460981116,-0.28136415953955857,0.11874084580797982,-0.992780136227135,0.016976826842407023
0.006189584732055664,-0.1528654480535934,0.736027226589821,0.6594665090130585,-0.8481694727352781,-0.4401906827127705,0.29468747576513227,0.507189018326831,-0.5142918282175609,0.6915657706374024
0.006070852279663086,-0.8869509746973739,0.4615333938786858,-0.017461237590740492,-0.4398420408287274,-0.855592153976841,-0.27294879588100346,-0.14091468199942325,-0.234412014171824,0.9618700847873948
0.006299734115600586,-0.8150477135594503,0.3330780307965963,-0.47408464436445735,-0.2821014861946895,-0.9428366579577163,-0.17741980694914414,-0.5060790216045906,-0.010865625236764756,0.8624186698349906
0.0061757564544677734,0.0056572223579708265,0.5861427288110865,-0.8101880629193976,0.0043241406788389935,-0.8102077920503415,-0.5861268083856087,-0.9999746484999418,-0.00018751747537438471,-0.007118089253047082
0.00603795051574707,0.5194186891011712,0.6578755378578846,0.545347597501465,0.46754872065612446,-0.7529877607613057,0.4630417108171746,0.7152638808336698,0.01446405309288063,-0.6987047816802774
0.0061588287353515625,-0.7698009390066809,0.613526351949644,-0.17604524920540746,-0.5915398933297683,-0.7893581866146221,-0.16429914127554604,-0.2397646114501446,-0.02233984529572747,0.9705739860558412
0.0060367584228515625,0.904747224820004,0.416125217171242,-0.09095198081783534,0.3595803161706198,-0.8606219783577886,-0.36059923265331967,-0.22832970766665095,0.29354661299649254,-0.9282757836953138
0.006146669387817383,0.09359137824853771,0.9833063806737118,0.15604235208399195,-0.9875084357414513,0.07172799311381774,0.14029320847188603,0.12675860229984828,-0.16722337375567292,0.977736467568209
0.006120204925537109,-0.5063498584780348,-0.08174932341477749,0.8584444472069814,0.8512540926611184,0.11164180535471536,0.5127402627303962,-0.13775445744864323,0.990380308476681,0.013059633787514296
0.00640106201171875,-0.006352566506664147,0.6946467035184545,-0.7193230165855413,-0.0016356556259907431,-0.7193437870102266,-0.694652316429204,-0.9999784845332681,-0.0032362603001420526,0.005705882036823997
0.006608009338378906,0.44558071514569575,0.7521179733032188,0.48556810081028684,-0.5184235554977181,0.6589683990144192,-0.5449749225473384,-0.7298594682508097,-0.00889962553323012,0.6835392843648517
0.006127834320068359,-0.980416315893169,0.1908445900882287,-0.048602365832559585,0.1880050011895686,0.9804813660635391,0.05753616540826059,0.05863417994801591,0.04727190747402063,-0.9971596661044767
0.0062100887298583984,-0.8666070053475567,-0.4940617729372422,-0.0699661547081775,0.44927768992718076,-0.7115496814176288,-0.5402282926765006,0.21712175297799108,-0.4995998552807834,0.8386048705959109
0.006113767623901367,-0.38134645001043455,-0.4364276381391334,0.8149268689475988,-0.6359090658834876,0.7636804671476485,0.11140827628295642,-0.6709653828563954,-0.47573423333353576,-0.5687551267838591
0.00605463981628418,-0.2137901240369506,-0.7999770466350172,0.5606518596432019,-0.09163414791972438,0.5878131397421269,0.8037903306718294,-0.9725723447637669,0.12046757905601822,-0.19897385907975612
0.006102323532104492,0.09081146817194796,0.9619734210807053,-0.2576051520888886,0.3197984813598266,-0.273143070699936,-0.9072605988626193,-0.9431236443692863,7.930568781475219e-06,-0.33244216244138186
0.006043672561645508,-0.9071813636848538,0.33443987083154814,-0.255287967168581,0.3169909121680904,0.9422633882724671,0.10796512735199157,0.27665634817536916,0.017019985883282622,-0.9608181852435984
0.006035566329956055,-0.27279411447888335,-0.8547274524809254,-0.44161561689001605,-0.5747710201102969,0.5128931849261357,-0.6376353623331233,0.7715060891185828,0.07988468458842629,-0.6311868119829162
0.006217241287231445,0.1977884414537006,-0.8343098504291857,0.5145938261426637,-0.1835547437902251,-0.5472016275343078,-0.8166260067227283,0.9629057007097948,0.06706304720659938,-0.2613716879081293
0.0060863494873046875,0.37180912822537787,0.05982682659607929,0.9263793623498568,0.05142523586089621,-0.99771615918467,0.04379395869799355,0.9268837129246235,0.031356283600468826,-0.37403658403133677
0.00617218017578125,0.5525376233623039,0.550756587922652,0.6255952010916763,0.45808771298873213,-0.8277146429861043,0.32410510177277213,0.6963173285061127,0.1074972122716868,-0.7096383074326852
0.006032466888427734,0.3747980698766336,0.9254967398432862,0.054609443837112415,0.8986126934185269,-0.3481571592832665,-0.2669865533447458,-0.22808251586618974,0.14913878428918098,-0.962151749453741
0.00611567497253418,0.05034539846397315,0.9934197905803319,-0.10287108698187923,0.17414898959833935,-0.11015578001083641,-0.9785386213901226,-0.9834314771631938,0.03135002094949554,-0.178548889414314
0.006052255630493164,-0.24334031620615132,0.9685529960328358,-0.05187084329859901,-0.8404624921965039,-0.2372491572407147,-0.487171054763532,-0.48415729852965345,-0.0749528602815673,0.8717647498127462
0.006098270416259766,0.0004072898866090286,0.9993801471258773,0.03520164265496867,-0.5700760531249139,-0.02868934431974011,0.8210908690126956,0.8215918255243709,-0.02040203551519405,0.5697110049651212
0.00606536865234375,-0.010895059099894295,0.9884882218304736,-0.1509050462696269,0.9395399171037753,0.061775509851123754,0.33682121452079705,0.3422660395888568,-0.13811162762440438,-0.9293971898274155
0.00612950325012207,-0.02220428645348295,-0.6778569355241019,-0.7348584521014677,0.2043210585803821,-0.7226023139727679,0.6603777713262262,-0.9786520702903988,-0.13548383963807273,0.15454531540373928
0.006205081939697266,-0.3373808158545246,0.5760975308286055,-0.7445037408008903,-0.41011547307133583,-0.8018255817972265,-0.43460445824106964,-0.8473367003976694,0.15870529716655055,0.5067870803507791
0.0060541629791259766,-0.605457061261674,-0.6677332684898999,0.43307508485269947,0.3051528792358782,-0.6973263520607056,-0.6485504444650102,0.7350533771519121,-0.26051533711761415,0.625961893300275
0.0061686038970947266,-0.4911230542267145,0.09151419326077834,0.8662697605474017,0.7336644596248993,-0.49266799820570273,0.46799006851352115,0.4696111224090931,0.8653920475575302,0.17481990085186866
0.006497383117675781,-0.05642533216334033,-0.8916529963711082,0.44918939875366737,0.9803829511700395,-0.13458409840013252,-0.14400135246915996,0.1888529876527785,0.43225230423937355,0.8817553484580468
0.0062410831451416016,0.3204958281011289,-0.6361466087618174,-0.7018546262087406,0.13500283278515596,0.7640511899562272,-0.630872423130427,0.9375802148668426,0.10743961693580523,0.33075681308618965
0.006157398223876953,-0.6473401630300473,-0.2990076565640933,0.7011027989134553,0.21419245690229116,-0.9541362917893048,-0.20915431646684893,0.7314863667454041,0.014776941720257895,0.6816959272718329
0.0061511993408203125,-0.4248661446367074,-0.8079652920918674,-0.4082656560579692,-0.552221604854729,0.5886839695061474,-0.5903409889023062,0.7173144765534905,-0.02536278418054352,-0.6962877787994007
0.006148099899291992,-0.7149396514461354,0.031013803891601723,0.6984979876551197,0.21173023700668367,0.9617118322880263,0.17401338561817878,-0.6663569625412284,0.27230221373573277,-0.6941324822160732
0.0060443878173828125,0.4442414775389471,0.8958949598743351,-0.004661599057886905,0.26919363420762055,-0.1384424260628723,-0.9530836699723271,-0.8545082193496485,0.42214442497513743,-0.3026710880251095
0.006402015686035156,0.3169648577685501,-0.5826889313858238,0.748336079699629,-0.08775344431197213,-0.8036530565879492,-0.5885924716204176,0.944368896115892,0.12089406055424409,-0.3058627374682283
0.0061533451080322266,0.3652658384368064,-0.4241075895110394,0.8286818568004205,-0.6035829512780061,-0.7856122732423114,-0.13601829677502908,0.7087090292902927,-0.4504954035838585,-0.5429414362085726
0.006194353103637695,0.24990003227116145,-0.3252249897972828,0.9120190128951423,-0.3628174294720701,-0.9047320160915338,-0.2232117647666185,0.8977268441692896,-0.2751157666697894,-0.34408985481635757
0.006063222885131836,-0.4304241946023915,-0.2680256811737755,0.8619148722073522,0.24400157388846586,-0.9538950207437221,-0.17477849221310254,0.869021429333497,0.13507969363182484,0.4759781840877775
0.00603938102722168,0.8615747810758495,0.4012057797770786,0.31100292424279263,0.49885316579215083,-0.555733344794968,-0.6650608757566078,-0.09399157192669343,0.7281444717612457,-0.6789486082541784
0.0060503482818603516,0.5485952428520411,0.1343459892471688,0.8252238573219448,-0.7684367005415433,0.4699548364652626,0.4343356869332,-0.32946668538857843,-0.8724067897810676,0.3610513763482361
0.006114959716796875,-0.8844285921325,-0.3727788580467066,-0.2807525394576465,0.406316945993814,-0.911020479609771,-0.07034362181351475,-0.2295486981378549,-0.17628842481846657,0.957198927317744
